{
  "nbformat": 4,
  "nbformat_minor": 0,
  "metadata": {
    "colab": {
      "provenance": []
    },
    "kernelspec": {
      "name": "python3",
      "display_name": "Python 3"
    },
    "language_info": {
      "name": "python"
    }
  },
  "cells": [
    {
      "cell_type": "code",
      "execution_count": 1,
      "metadata": {
        "id": "FXMtT1yJDcxk"
      },
      "outputs": [],
      "source": [
        "import numpy as np"
      ]
    },
    {
      "cell_type": "markdown",
      "metadata": {
        "id": "r19ji2pjiGJD"
      },
      "source": [
        "# SE - latent dimension correlation comparison"
      ]
    },
    {
      "cell_type": "code",
      "source": [
        "## res - mm\n",
        "\n",
        "## res-mm-method1-best1\n",
        "correlation_matrix1 = np.array([\n",
        "    [ 1.,         -0.16989383, -0.40071922, -0.31207698, -0.08475396],\n",
        "    [-0.16989383,  1.,          0.50516099,  0.37197808, -0.05713703],\n",
        "    [-0.40071922,  0.50516099,  1.,          0.87811357, -0.23301824],\n",
        "    [-0.31207698,  0.37197808,  0.87811357,  1.,         -0.11183346],\n",
        "    [-0.08475396, -0.05713703, -0.23301824, -0.11183346,  1.        ]\n",
        "])\n",
        "\n",
        "## res-mm-method1-best2\n",
        "correlation_matrix2 = np.array([\n",
        "    [ 1.,          0.33023841, -0.27611846, -0.39997989,  0.13483466],\n",
        "    [ 0.33023841,  1.,         -0.27150449, -0.67782445, -0.13697377],\n",
        "    [-0.27611846, -0.27150449,  1.,          0.49294685, -0.21667334],\n",
        "    [-0.39997989, -0.67782445,  0.49294685,  1.,          0.05789381],\n",
        "    [ 0.13483466, -0.13697377, -0.21667334,  0.05789381,  1.        ]\n",
        "])\n",
        "\n",
        "## res-mm-method3-best1\n",
        "correlation_matrix3 = np.array([\n",
        "    [ 1.,         -0.46536019, -0.17613831,  0.386343,    0.1593035 ],\n",
        "    [-0.46536019,  1.,          0.12871877,  0.16985815, -0.01367104],\n",
        "    [-0.17613831,  0.12871877,  1.,         -0.13108603, -0.71509113],\n",
        "    [ 0.386343,    0.16985815, -0.13108603,  1.,          0.02495951],\n",
        "    [ 0.1593035,  -0.01367104, -0.71509113,  0.02495951,  1.        ]\n",
        "])\n",
        "\n",
        "## res-mm-method3-best2\n",
        "correlation_matrix4 = np.array([\n",
        "    [ 1.,         -0.03277693,  0.38937205,  0.21014547, -0.35259869],\n",
        "    [-0.03277693,  1.,          0.66381462,  0.10107188,  0.18910883],\n",
        "    [ 0.38937205,  0.66381462,  1.,         -0.12258518, -0.16552352],\n",
        "    [ 0.21014547,  0.10107188, -0.12258518,  1.,          0.02782786],\n",
        "    [-0.35259869,  0.18910883, -0.16552352,  0.02782786,  1.        ]\n",
        "])\n",
        "\n",
        "def calculate_metrics(matrix):\n",
        "    # Remove diagonal elements (self-correlations)\n",
        "    off_diagonal = matrix[np.triu_indices_from(matrix, k=1)]\n",
        "\n",
        "    # Average absolute correlation\n",
        "    avg_abs_corr = np.mean(np.abs(off_diagonal))\n",
        "\n",
        "    # Variance of correlations\n",
        "    variance_corr = np.var(off_diagonal)\n",
        "\n",
        "    # Frobenius norm of the off-diagonal elements\n",
        "    frobenius_norm = np.linalg.norm(off_diagonal)\n",
        "\n",
        "    return avg_abs_corr, variance_corr, frobenius_norm\n",
        "\n",
        "# Calculate metrics for each matrix\n",
        "metrics1 = calculate_metrics(correlation_matrix1)\n",
        "metrics2 = calculate_metrics(correlation_matrix2)\n",
        "metrics3 = calculate_metrics(correlation_matrix3)\n",
        "metrics4 = calculate_metrics(correlation_matrix4)\n",
        "\n",
        "# Print the results\n",
        "print(\"res-mm-method1-best1 Metrics:\")\n",
        "print(f\"Average Absolute Correlation: {metrics1[0]:.4f}\")\n",
        "print(f\"Variance of Correlation: {metrics1[1]:.4f}\")\n",
        "\n",
        "print(\"\\nres-mm-method1-best2 Metrics:\")\n",
        "print(f\"Average Absolute Correlation: {metrics2[0]:.4f}\")\n",
        "print(f\"Variance of Correlation: {metrics2[1]:.4f}\")\n",
        "\n",
        "print(\"\\nres-mm-method3-best1 Metrics:\")\n",
        "print(f\"Average Absolute Correlation: {metrics3[0]:.4f}\")\n",
        "print(f\"Variance of Correlation: {metrics3[1]:.4f}\")\n",
        "\n",
        "print(\"\\nres-mm-method3-best2 Metrics:\")\n",
        "print(f\"Average Absolute Correlation: {metrics4[0]:.4f}\")\n",
        "print(f\"Variance of Correlation: {metrics4[1]:.4f}\")"
      ],
      "metadata": {
        "colab": {
          "base_uri": "https://localhost:8080/"
        },
        "id": "Q5T3bCX1xDrv",
        "outputId": "424d5938-c2b1-40ca-af44-f2b79d61e7b6"
      },
      "execution_count": 2,
      "outputs": [
        {
          "output_type": "stream",
          "name": "stdout",
          "text": [
            "res-mm-method1-best1 Metrics:\n",
            "Average Absolute Correlation: 0.3125\n",
            "Variance of Correlation: 0.1514\n",
            "\n",
            "res-mm-method1-best2 Metrics:\n",
            "Average Absolute Correlation: 0.2995\n",
            "Variance of Correlation: 0.1116\n",
            "\n",
            "res-mm-method3-best1 Metrics:\n",
            "Average Absolute Correlation: 0.2371\n",
            "Variance of Correlation: 0.0957\n",
            "\n",
            "res-mm-method3-best2 Metrics:\n",
            "Average Absolute Correlation: 0.2255\n",
            "Variance of Correlation: 0.0769\n"
          ]
        }
      ]
    },
    {
      "cell_type": "code",
      "source": [
        "## res - ss\n",
        "\n",
        "## res-ss-method1-best1\n",
        "correlation_matrix1 = np.array([\n",
        "    [ 1.,          0.30797033,  0.54945184,  0.0214523,   0.25289563],\n",
        "    [ 0.30797033,  1.,          0.58627533,  0.14808727,  0.30258413],\n",
        "    [ 0.54945184,  0.58627533,  1.,          0.02314082,  0.02965746],\n",
        "    [ 0.0214523,   0.14808727,  0.02314082,  1.,         -0.34512566],\n",
        "    [ 0.25289563,  0.30258413,  0.02965746, -0.34512566,  1.        ]\n",
        "])\n",
        "\n",
        "## res-ss-method1-best2\n",
        "correlation_matrix2 = np.array([\n",
        "    [ 1.,          0.29696144, -0.1367382,   0.52200028],\n",
        "    [ 0.29696144,  1.,         -0.16077114,  0.74088074],\n",
        "    [-0.1367382,  -0.16077114,  1.,         -0.21152383],\n",
        "    [ 0.52200028,  0.74088074, -0.21152383,  1.        ]\n",
        "])\n",
        "\n",
        "\n",
        "## res-ss-method3-best1\n",
        "correlation_matrix3 = np.array([\n",
        "    [ 1.,          0.19574385,  0.34091679, -0.25850344],\n",
        "    [ 0.19574385,  1.,         -0.01460667, -0.13430074],\n",
        "    [ 0.34091679, -0.01460667,  1.,          0.08144593],\n",
        "    [-0.25850344, -0.13430074,  0.08144593,  1.        ]\n",
        "])\n",
        "\n",
        "## res-ss-method3-best2\n",
        "correlation_matrix4 = np.array([\n",
        "    [ 1.,         -0.05741718, -0.23807442,  0.08793147, -0.03243081],\n",
        "    [-0.05741718,  1.,          0.2016903,  -0.14877315,  0.16399051],\n",
        "    [-0.23807442,  0.2016903,   1.,         -0.52844769,  0.21047439],\n",
        "    [ 0.08793147, -0.14877315, -0.52844769,  1.,         -0.11207877],\n",
        "    [-0.03243081,  0.16399051,  0.21047439, -0.11207877,  1.        ]\n",
        "])\n",
        "\n",
        "\n",
        "def calculate_metrics(matrix):\n",
        "    # Remove diagonal elements (self-correlations)\n",
        "    off_diagonal = matrix[np.triu_indices_from(matrix, k=1)]\n",
        "\n",
        "    # Average absolute correlation\n",
        "    avg_abs_corr = np.mean(np.abs(off_diagonal))\n",
        "\n",
        "    # Variance of correlations\n",
        "    variance_corr = np.var(off_diagonal)\n",
        "\n",
        "    # Frobenius norm of the off-diagonal elements\n",
        "    frobenius_norm = np.linalg.norm(off_diagonal)\n",
        "\n",
        "    return avg_abs_corr, variance_corr, frobenius_norm\n",
        "\n",
        "# Calculate metrics for each matrix\n",
        "metrics1 = calculate_metrics(correlation_matrix1)\n",
        "metrics2 = calculate_metrics(correlation_matrix2)\n",
        "metrics3 = calculate_metrics(correlation_matrix3)\n",
        "metrics4 = calculate_metrics(correlation_matrix4)\n",
        "\n",
        "# Print the results\n",
        "print(\"res-ss-method1-best1 Metrics:\")\n",
        "print(f\"Average Absolute Correlation: {metrics1[0]:.4f}\")\n",
        "print(f\"Variance of Correlation: {metrics1[1]:.4f}\")\n",
        "\n",
        "print(\"\\nres-ss-method1-best2 Metrics:\")\n",
        "print(f\"Average Absolute Correlation: {metrics2[0]:.4f}\")\n",
        "print(f\"Variance of Correlation: {metrics2[1]:.4f}\")\n",
        "\n",
        "print(\"\\nres-ss-method3-best1 Metrics:\")\n",
        "print(f\"Average Absolute Correlation: {metrics3[0]:.4f}\")\n",
        "print(f\"Variance of Correlation: {metrics3[1]:.4f}\")\n",
        "\n",
        "print(\"\\nres-ss-method3-best2 Metrics:\")\n",
        "print(f\"Average Absolute Correlation: {metrics4[0]:.4f}\")\n",
        "print(f\"Variance of Correlation: {metrics4[1]:.4f}\")"
      ],
      "metadata": {
        "colab": {
          "base_uri": "https://localhost:8080/"
        },
        "id": "hu_kKk2YwvsX",
        "outputId": "cda368ee-e584-4390-92a1-651024698cf3"
      },
      "execution_count": 3,
      "outputs": [
        {
          "output_type": "stream",
          "name": "stdout",
          "text": [
            "res-ss-method1-best1 Metrics:\n",
            "Average Absolute Correlation: 0.2567\n",
            "Variance of Correlation: 0.0687\n",
            "\n",
            "res-ss-method1-best2 Metrics:\n",
            "Average Absolute Correlation: 0.3448\n",
            "Variance of Correlation: 0.1358\n",
            "\n",
            "res-ss-method3-best1 Metrics:\n",
            "Average Absolute Correlation: 0.1709\n",
            "Variance of Correlation: 0.0398\n",
            "\n",
            "res-ss-method3-best2 Metrics:\n",
            "Average Absolute Correlation: 0.1781\n",
            "Variance of Correlation: 0.0474\n"
          ]
        }
      ]
    },
    {
      "cell_type": "code",
      "source": [
        "## mod - ss\n",
        "\n",
        "\n",
        "## mod-ss-method1-best1\n",
        "correlation_matrix1 = np.array([\n",
        "    [ 1.,         -0.42522991, -0.55274599,  0.71814241, -0.67488728],\n",
        "    [-0.42522991,  1.,         -0.0051193,  -0.51272477,  0.24704451],\n",
        "    [-0.55274599, -0.0051193,   1.,         -0.52047143,  0.61996209],\n",
        "    [ 0.71814241, -0.51272477, -0.52047143,  1.,         -0.56127025],\n",
        "    [-0.67488728,  0.24704451,  0.61996209, -0.56127025,  1.        ]\n",
        "])\n",
        "\n",
        "## mod-ss-method1-best2\n",
        "correlation_matrix2 = np.array([\n",
        "    [ 1.,          0.24885691,  0.02348047],\n",
        "    [ 0.24885691,  1.,         -0.54123424],\n",
        "    [ 0.02348047, -0.54123424,  1.        ]\n",
        "])\n",
        "\n",
        "\n",
        "## mod-ss-method3-best1\n",
        "correlation_matrix3 = np.array([\n",
        "    [ 1.,          0.01563735,  0.08845119,  0.47797774,  0.23262205],\n",
        "    [ 0.01563735,  1.,          0.00298947,  0.36033671, -0.02047094],\n",
        "    [ 0.08845119,  0.00298947,  1.,          0.46411566,  0.40291995],\n",
        "    [ 0.47797774,  0.36033671,  0.46411566,  1.,          0.39900081],\n",
        "    [ 0.23262205, -0.02047094,  0.40291995,  0.39900081,  1.        ]\n",
        "])\n",
        "\n",
        "## mod-ss-method3-best2\n",
        "correlation_matrix4 = np.array([\n",
        "    [ 1.,         -0.47074008, -0.08920948, -0.08574593, -0.23235335],\n",
        "    [-0.47074008,  1.,         -0.28753228, -0.02662083,  0.47915895],\n",
        "    [-0.08920948, -0.28753228,  1.,         -0.26569227, -0.06627331],\n",
        "    [-0.08574593, -0.02662083, -0.26569227,  1.,          0.02860696],\n",
        "    [-0.23235335,  0.47915895, -0.06627331,  0.02860696,  1.        ]\n",
        "])\n",
        "\n",
        "\n",
        "def calculate_metrics(matrix):\n",
        "    # Remove diagonal elements (self-correlations)\n",
        "    off_diagonal = matrix[np.triu_indices_from(matrix, k=1)]\n",
        "\n",
        "    # Average absolute correlation\n",
        "    avg_abs_corr = np.mean(np.abs(off_diagonal))\n",
        "\n",
        "    # Variance of correlations\n",
        "    variance_corr = np.var(off_diagonal)\n",
        "\n",
        "    # Frobenius norm of the off-diagonal elements\n",
        "    frobenius_norm = np.linalg.norm(off_diagonal)\n",
        "\n",
        "    return avg_abs_corr, variance_corr, frobenius_norm\n",
        "\n",
        "# Calculate metrics for each matrix\n",
        "metrics1 = calculate_metrics(correlation_matrix1)\n",
        "metrics2 = calculate_metrics(correlation_matrix2)\n",
        "metrics3 = calculate_metrics(correlation_matrix3)\n",
        "metrics4 = calculate_metrics(correlation_matrix4)\n",
        "\n",
        "# Print the results\n",
        "print(\"mod-ss-method1-best1 Metrics:\")\n",
        "print(f\"Average Absolute Correlation: {metrics1[0]:.4f}\")\n",
        "print(f\"Variance of Correlation: {metrics1[1]:.4f}\")\n",
        "\n",
        "print(\"\\nmod-ss-method1-best2 Metrics:\")\n",
        "print(f\"Average Absolute Correlation: {metrics2[0]:.4f}\")\n",
        "print(f\"Variance of Correlation: {metrics2[1]:.4f}\")\n",
        "\n",
        "print(\"\\nmod-ss-method3-best1 Metrics:\")\n",
        "print(f\"Average Absolute Correlation: {metrics3[0]:.4f}\")\n",
        "print(f\"Variance of Correlation: {metrics3[1]:.4f}\")\n",
        "\n",
        "print(\"\\nmod-ss-method3-best2 Metrics:\")\n",
        "print(f\"Average Absolute Correlation: {metrics4[0]:.4f}\")\n",
        "print(f\"Variance of Correlation: {metrics4[1]:.4f}\")"
      ],
      "metadata": {
        "colab": {
          "base_uri": "https://localhost:8080/"
        },
        "id": "c4ORr-CqxH2l",
        "outputId": "c532bacf-d7ca-42ec-cf86-1b57ef75aa49"
      },
      "execution_count": 4,
      "outputs": [
        {
          "output_type": "stream",
          "name": "stdout",
          "text": [
            "mod-ss-method1-best1 Metrics:\n",
            "Average Absolute Correlation: 0.4838\n",
            "Variance of Correlation: 0.2474\n",
            "\n",
            "mod-ss-method1-best2 Metrics:\n",
            "Average Absolute Correlation: 0.2712\n",
            "Variance of Correlation: 0.1104\n",
            "\n",
            "mod-ss-method3-best1 Metrics:\n",
            "Average Absolute Correlation: 0.2465\n",
            "Variance of Correlation: 0.0370\n",
            "\n",
            "mod-ss-method3-best2 Metrics:\n",
            "Average Absolute Correlation: 0.2032\n",
            "Variance of Correlation: 0.0576\n"
          ]
        }
      ]
    },
    {
      "cell_type": "code",
      "source": [
        "## mod - mm\n",
        "\n",
        "\n",
        "## mod - mm-method1-best1\n",
        "correlation_matrix1 = np.array([\n",
        "    [ 1.,          0.27341915,  0.5457976,  -0.61524119, -0.55066915],\n",
        "    [ 0.27341915,  1.,         -0.1533339,  -0.29539084, -0.0314978 ],\n",
        "    [ 0.5457976,  -0.1533339,   1.,         -0.48274557, -0.38345682],\n",
        "    [-0.61524119, -0.29539084, -0.48274557,  1.,          0.8591797 ],\n",
        "    [-0.55066915, -0.0314978,  -0.38345682,  0.8591797,   1.        ]\n",
        "])\n",
        "\n",
        "## mod - mm-method1-best2\n",
        "correlation_matrix2 = np.array([\n",
        "    [ 1.,          0.90913048, -0.62404316, -0.25591497,  0.40747206],\n",
        "    [ 0.90913048,  1.,         -0.73806515, -0.43251889,  0.26207923],\n",
        "    [-0.62404316, -0.73806515,  1.,          0.50456251, -0.28659933],\n",
        "    [-0.25591497, -0.43251889,  0.50456251,  1.,          0.08879892],\n",
        "    [ 0.40747206,  0.26207923, -0.28659933,  0.08879892,  1.        ]\n",
        "])\n",
        "\n",
        "\n",
        "## mod - mm-method3-best1\n",
        "correlation_matrix3 = np.array([\n",
        "    [ 1.,         -0.21559774, -0.37336696,  0.36021264, -0.23835218],\n",
        "    [-0.21559774,  1.,          0.17705809,  0.10282089, -0.42454685],\n",
        "    [-0.37336696,  0.17705809,  1.,          0.01535451,  0.15280912],\n",
        "    [ 0.36021264,  0.10282089,  0.01535451,  1.,         -0.25548381],\n",
        "    [-0.23835218, -0.42454685,  0.15280912, -0.25548381,  1.        ]\n",
        "])\n",
        "\n",
        "## mod - mm-method3-best2\n",
        "correlation_matrix4 = np.array([\n",
        "    [ 1.,         -0.29614563,  0.59267155, -0.29757324],\n",
        "    [-0.29614563,  1.,         -0.02364822, -0.20476406],\n",
        "    [ 0.59267155, -0.02364822,  1.,         -0.42211233],\n",
        "    [-0.29757324, -0.20476406, -0.42211233,  1.        ]\n",
        "])\n",
        "\n",
        "\n",
        "def calculate_metrics(matrix):\n",
        "    # Remove diagonal elements (self-correlations)\n",
        "    off_diagonal = matrix[np.triu_indices_from(matrix, k=1)]\n",
        "\n",
        "    # Average absolute correlation\n",
        "    avg_abs_corr = np.mean(np.abs(off_diagonal))\n",
        "\n",
        "    # Variance of correlations\n",
        "    variance_corr = np.var(off_diagonal)\n",
        "\n",
        "    # Frobenius norm of the off-diagonal elements\n",
        "    frobenius_norm = np.linalg.norm(off_diagonal)\n",
        "\n",
        "    return avg_abs_corr, variance_corr, frobenius_norm\n",
        "\n",
        "# Calculate metrics for each matrix\n",
        "metrics1 = calculate_metrics(correlation_matrix1)\n",
        "metrics2 = calculate_metrics(correlation_matrix2)\n",
        "metrics3 = calculate_metrics(correlation_matrix3)\n",
        "metrics4 = calculate_metrics(correlation_matrix4)\n",
        "\n",
        "# Print the results\n",
        "print(\"mod-mm-method1-best1 Metrics:\")\n",
        "print(f\"Average Absolute Correlation: {metrics1[0]:.4f}\")\n",
        "print(f\"Variance of Correlation: {metrics1[1]:.4f}\")\n",
        "\n",
        "print(\"\\nmod-mm-method1-best2 Metrics:\")\n",
        "print(f\"Average Absolute Correlation: {metrics2[0]:.4f}\")\n",
        "print(f\"Variance of Correlation: {metrics2[1]:.4f}\")\n",
        "\n",
        "print(\"\\nmod-mm-method3-best1 Metrics:\")\n",
        "print(f\"Average Absolute Correlation: {metrics3[0]:.4f}\")\n",
        "print(f\"Variance of Correlation: {metrics3[1]:.4f}\")\n",
        "\n",
        "print(\"\\nmod-mm-method3-best2 Metrics:\")\n",
        "print(f\"Average Absolute Correlation: {metrics4[0]:.4f}\")\n",
        "print(f\"Variance of Correlation: {metrics4[1]:.4f}\")"
      ],
      "metadata": {
        "colab": {
          "base_uri": "https://localhost:8080/"
        },
        "id": "9DSBHzpexKI2",
        "outputId": "87db8763-8862-46be-c7d9-3fbfba09f1cd"
      },
      "execution_count": 5,
      "outputs": [
        {
          "output_type": "stream",
          "name": "stdout",
          "text": [
            "mod-mm-method1-best1 Metrics:\n",
            "Average Absolute Correlation: 0.4191\n",
            "Variance of Correlation: 0.2215\n",
            "\n",
            "mod-mm-method1-best2 Metrics:\n",
            "Average Absolute Correlation: 0.4509\n",
            "Variance of Correlation: 0.2590\n",
            "\n",
            "mod-mm-method3-best1 Metrics:\n",
            "Average Absolute Correlation: 0.2316\n",
            "Variance of Correlation: 0.0635\n",
            "\n",
            "mod-mm-method3-best2 Metrics:\n",
            "Average Absolute Correlation: 0.3062\n",
            "Variance of Correlation: 0.1129\n"
          ]
        }
      ]
    },
    {
      "cell_type": "markdown",
      "metadata": {
        "id": "JvyjSaDCr3Am"
      },
      "source": [
        "# ENV - latent dimension correlation comparison"
      ]
    },
    {
      "cell_type": "code",
      "execution_count": 6,
      "metadata": {
        "colab": {
          "base_uri": "https://localhost:8080/"
        },
        "id": "JFIPKBbFr47X",
        "outputId": "1c87efc0-1c71-479b-ed80-647ccfc80bd8"
      },
      "outputs": [
        {
          "output_type": "stream",
          "name": "stdout",
          "text": [
            "Model 1 Metrics:\n",
            "Average Absolute Correlation: 0.2901\n",
            "Variance of Correlation: 0.0751\n",
            "\n",
            "Model 2 Metrics:\n",
            "Average Absolute Correlation: 0.1787\n",
            "Variance of Correlation: 0.0476\n",
            "Model 3 Metrics:\n",
            "Average Absolute Correlation: 0.2391\n",
            "Variance of Correlation: 0.0144\n",
            "\n",
            "Model 4 Metrics:\n",
            "Average Absolute Correlation: 0.1757\n",
            "Variance of Correlation: 0.0357\n"
          ]
        }
      ],
      "source": [
        "## ss\n",
        "\n",
        "##ss method1 best1\n",
        "correlation_matrix1 = np.array([\n",
        "    [1., -0.31142513, 0.12038532, -0.7827916],\n",
        "    [-0.31142513, 1., -0.21834381, -0.21059738],\n",
        "    [0.12038532, -0.21834381, 1., -0.09728847],\n",
        "    [-0.7827916, -0.21059738, -0.09728847, 1.]\n",
        "])\n",
        "\n",
        "## ss method1 best2\n",
        "correlation_matrix2 = np.array([\n",
        "    [1., -0.19770959, -0.0084177],\n",
        "    [-0.19770959, 1., 0.32982928],\n",
        "    [-0.0084177, 0.32982928, 1.]\n",
        "])\n",
        "\n",
        "##ss method3 best1\n",
        "correlation_matrix3 = np.array([\n",
        "    [1.,         0.25143366, 0.18116786, 0.43535495],\n",
        "    [0.25143366, 1.,         0.08490143, 0.13977177],\n",
        "    [0.18116786, 0.08490143, 1.,         0.3420611 ],\n",
        "    [0.43535495, 0.13977177, 0.3420611,  1.        ]\n",
        "])\n",
        "\n",
        "##ss method3 best2\n",
        "correlation_matrix4 = np.array([\n",
        "    [ 1.,         -0.42658854, -0.08541906],\n",
        "    [-0.42658854,  1.,          0.01507296],\n",
        "    [-0.08541906,  0.01507296,  1.        ]\n",
        "])\n",
        "\n",
        "def calculate_metrics(matrix):\n",
        "    # Remove diagonal elements (self-correlations)\n",
        "    off_diagonal = matrix[np.triu_indices_from(matrix, k=1)]\n",
        "\n",
        "    # Average absolute correlation\n",
        "    avg_abs_corr = np.mean(np.abs(off_diagonal))\n",
        "\n",
        "    # Variance of correlations\n",
        "    variance_corr = np.var(off_diagonal)\n",
        "\n",
        "    # Frobenius norm of the off-diagonal elements\n",
        "    frobenius_norm = np.linalg.norm(off_diagonal)\n",
        "\n",
        "    return avg_abs_corr, variance_corr, frobenius_norm\n",
        "\n",
        "# Calculate metrics for each matrix\n",
        "metrics1 = calculate_metrics(correlation_matrix1)\n",
        "metrics2 = calculate_metrics(correlation_matrix2)\n",
        "metrics3 = calculate_metrics(correlation_matrix3)\n",
        "metrics4 = calculate_metrics(correlation_matrix4)\n",
        "\n",
        "# Print the results\n",
        "print(\"Model 1 Metrics:\")\n",
        "print(f\"Average Absolute Correlation: {metrics1[0]:.4f}\")\n",
        "print(f\"Variance of Correlation: {metrics1[1]:.4f}\")\n",
        "\n",
        "print(\"\\nModel 2 Metrics:\")\n",
        "print(f\"Average Absolute Correlation: {metrics2[0]:.4f}\")\n",
        "print(f\"Variance of Correlation: {metrics2[1]:.4f}\")\n",
        "\n",
        "print(\"Model 3 Metrics:\")\n",
        "print(f\"Average Absolute Correlation: {metrics3[0]:.4f}\")\n",
        "print(f\"Variance of Correlation: {metrics3[1]:.4f}\")\n",
        "\n",
        "print(\"\\nModel 4 Metrics:\")\n",
        "print(f\"Average Absolute Correlation: {metrics4[0]:.4f}\")\n",
        "print(f\"Variance of Correlation: {metrics4[1]:.4f}\")"
      ]
    },
    {
      "cell_type": "code",
      "execution_count": 7,
      "metadata": {
        "colab": {
          "base_uri": "https://localhost:8080/"
        },
        "id": "RDJhQOnDtDbd",
        "outputId": "221bbcdf-3cca-46a0-a1c4-7294b6101dfb"
      },
      "outputs": [
        {
          "output_type": "stream",
          "name": "stdout",
          "text": [
            "Model 1 Metrics:\n",
            "Average Absolute Correlation: 0.3222\n",
            "Variance of Correlation: 0.1269\n",
            "\n",
            "Model 2 Metrics:\n",
            "Average Absolute Correlation: 0.3404\n",
            "Variance of Correlation: 0.1187\n",
            "Model 3 Metrics:\n",
            "Average Absolute Correlation: 0.1577\n",
            "Variance of Correlation: 0.0275\n",
            "Model 4 Metrics:\n",
            "Average Absolute Correlation: 0.0610\n",
            "Variance of Correlation: 0.0030\n"
          ]
        }
      ],
      "source": [
        "#env mm correlation\n",
        "\n",
        "\n",
        "##mm method1 best1\n",
        "correlation_matrix1 = np.array([\n",
        "    [ 1.,         -0.45445476, -0.78403224, -0.12217755],\n",
        "    [-0.45445476,  1.,         -0.16160395,  0.30703635],\n",
        "    [-0.78403224, -0.16160395,  1.,          0.10416305],\n",
        "    [-0.12217755,  0.30703635,  0.10416305,  1.        ]\n",
        "])\n",
        "## mm method1 best2\n",
        "correlation_matrix2 = np.array([\n",
        "    [ 1.,         -0.21453063,  0.40298506],\n",
        "    [-0.21453063,  1.,         -0.40378934],\n",
        "    [ 0.40298506, -0.40378934,  1.        ]\n",
        "])\n",
        "##mm method3 best1\n",
        "correlation_matrix3 = np.array([\n",
        "    [ 1.,         -0.15442104,  0.1122028,  -0.27715589],\n",
        "    [-0.15442104,  1.,         -0.21135118, -0.01751638],\n",
        "    [ 0.1122028,  -0.21135118,  1.,          0.17355153],\n",
        "    [-0.27715589, -0.01751638,  0.17355153,  1.        ]\n",
        "])\n",
        "## mm method3 best2\n",
        "correlation_matrix4 = np.array([\n",
        "    [ 1.,          0.12469219,  0.04857673],\n",
        "    [ 0.12469219,  1.,         -0.00981067],\n",
        "    [ 0.04857673, -0.00981067,  1.        ]\n",
        "])\n",
        "\n",
        "def calculate_metrics(matrix):\n",
        "    # Remove diagonal elements (self-correlations)\n",
        "    off_diagonal = matrix[np.triu_indices_from(matrix, k=1)]\n",
        "\n",
        "    # Average absolute correlation\n",
        "    avg_abs_corr = np.mean(np.abs(off_diagonal))\n",
        "\n",
        "    # Variance of correlations\n",
        "    variance_corr = np.var(off_diagonal)\n",
        "\n",
        "    # Frobenius norm of the off-diagonal elements\n",
        "    frobenius_norm = np.linalg.norm(off_diagonal)\n",
        "\n",
        "    return avg_abs_corr, variance_corr, frobenius_norm\n",
        "\n",
        "# Calculate metrics for each matrix\n",
        "metrics1 = calculate_metrics(correlation_matrix1)\n",
        "metrics2 = calculate_metrics(correlation_matrix2)\n",
        "metrics3 = calculate_metrics(correlation_matrix3)\n",
        "metrics4 = calculate_metrics(correlation_matrix4)\n",
        "\n",
        "# Print the results\n",
        "print(\"Model 1 Metrics:\")\n",
        "print(f\"Average Absolute Correlation: {metrics1[0]:.4f}\")\n",
        "print(f\"Variance of Correlation: {metrics1[1]:.4f}\")\n",
        "\n",
        "print(\"\\nModel 2 Metrics:\")\n",
        "print(f\"Average Absolute Correlation: {metrics2[0]:.4f}\")\n",
        "print(f\"Variance of Correlation: {metrics2[1]:.4f}\")\n",
        "\n",
        "print(\"Model 3 Metrics:\")\n",
        "print(f\"Average Absolute Correlation: {metrics3[0]:.4f}\")\n",
        "print(f\"Variance of Correlation: {metrics3[1]:.4f}\")\n",
        "\n",
        "print(\"Model 4 Metrics:\")\n",
        "print(f\"Average Absolute Correlation: {metrics4[0]:.4f}\")\n",
        "print(f\"Variance of Correlation: {metrics4[1]:.4f}\")"
      ]
    },
    {
      "cell_type": "markdown",
      "metadata": {
        "id": "5Uk9emAFiKS7"
      },
      "source": [
        "# PHY - latent dimension correlation comparison"
      ]
    },
    {
      "cell_type": "code",
      "execution_count": 8,
      "metadata": {
        "colab": {
          "base_uri": "https://localhost:8080/"
        },
        "outputId": "dbf8e4d3-5980-4a4b-97f6-76f59b7e139b",
        "id": "eAosuXpTiKS9"
      },
      "outputs": [
        {
          "output_type": "stream",
          "name": "stdout",
          "text": [
            "mm method 1 best 1:\n",
            "Average Absolute Correlation: 0.3243\n",
            "Variance of Correlation: 0.1184\n",
            "\n",
            "mm method 1 best 2:\n",
            "Average Absolute Correlation: 0.4056\n",
            "Variance of Correlation: 0.1935\n",
            "\n",
            "mm method3 best 1:\n",
            "Average Absolute Correlation: 0.2533\n",
            "Variance of Correlation: 0.0042\n",
            "\n",
            "mm method 3 best 2:\n",
            "Average Absolute Correlation: 0.3247\n",
            "Variance of Correlation: 0.0853\n"
          ]
        }
      ],
      "source": [
        "## mm method 1 best 1\n",
        "correlation_matrix1 = np.array([\n",
        "    [ 1.,         -0.14579583, -0.61019016,  0.3006241 ],\n",
        "    [-0.14579583,  1.,          0.19292236, -0.12439314],\n",
        "    [-0.61019016,  0.19292236,  1.,         -0.57178489],\n",
        "    [ 0.3006241,  -0.12439314, -0.57178489,  1.        ]\n",
        "])\n",
        "\n",
        "## mm method 1 best 2\n",
        "correlation_matrix2 = np.array([\n",
        "    [ 1.,          0.05646785,  0.23932737, -0.60939367],\n",
        "    [ 0.05646785,  1.,         -0.71114414,  0.49033197],\n",
        "    [ 0.23932737, -0.71114414,  1.,         -0.32713269],\n",
        "    [-0.60939367,  0.49033197, -0.32713269,  1.        ]\n",
        "])\n",
        "\n",
        "\n",
        "## mm method3 best 1\n",
        "correlation_matrix3 = np.array([\n",
        "    [ 1.,         -0.19774729, -0.22529448, -0.22059147],\n",
        "    [-0.19774729,  1.,         -0.22702935, -0.25515636],\n",
        "    [-0.22529448, -0.22702935,  1.,         -0.39376357],\n",
        "    [-0.22059147, -0.25515636, -0.39376357,  1.        ]\n",
        "])\n",
        "\n",
        "## mm method 3 best 2\n",
        "correlation_matrix4 = np.array([\n",
        "    [ 1.,         -0.00318444, -0.49109656, -0.40318678],\n",
        "    [-0.00318444,  1.,          0.34796365, -0.32661871],\n",
        "    [-0.49109656,  0.34796365,  1.,         -0.37609145],\n",
        "    [-0.40318678, -0.32661871, -0.37609145,  1.        ]\n",
        "])\n",
        "\n",
        "\n",
        "def calculate_metrics(matrix):\n",
        "    # Remove diagonal elements (self-correlations)\n",
        "    off_diagonal = matrix[np.triu_indices_from(matrix, k=1)]\n",
        "\n",
        "    # Average absolute correlation\n",
        "    avg_abs_corr = np.mean(np.abs(off_diagonal))\n",
        "\n",
        "    # Variance of correlations\n",
        "    variance_corr = np.var(off_diagonal)\n",
        "\n",
        "    # Frobenius norm of the off-diagonal elements\n",
        "    frobenius_norm = np.linalg.norm(off_diagonal)\n",
        "\n",
        "    return avg_abs_corr, variance_corr, frobenius_norm\n",
        "\n",
        "# Calculate metrics for each matrix\n",
        "metrics1 = calculate_metrics(correlation_matrix1)\n",
        "metrics2 = calculate_metrics(correlation_matrix2)\n",
        "metrics3 = calculate_metrics(correlation_matrix3)\n",
        "metrics4 = calculate_metrics(correlation_matrix4)\n",
        "\n",
        "\n",
        "\n",
        "# Print the results\n",
        "print(\"mm method 1 best 1:\")\n",
        "print(f\"Average Absolute Correlation: {metrics1[0]:.4f}\")\n",
        "print(f\"Variance of Correlation: {metrics1[1]:.4f}\")\n",
        "\n",
        "print(\"\\nmm method 1 best 2:\")\n",
        "print(f\"Average Absolute Correlation: {metrics2[0]:.4f}\")\n",
        "print(f\"Variance of Correlation: {metrics2[1]:.4f}\")\n",
        "\n",
        "print(\"\\nmm method3 best 1:\")\n",
        "print(f\"Average Absolute Correlation: {metrics3[0]:.4f}\")\n",
        "print(f\"Variance of Correlation: {metrics3[1]:.4f}\")\n",
        "\n",
        "print(\"\\nmm method 3 best 2:\")\n",
        "print(f\"Average Absolute Correlation: {metrics4[0]:.4f}\")\n",
        "print(f\"Variance of Correlation: {metrics4[1]:.4f}\")"
      ]
    },
    {
      "cell_type": "code",
      "source": [
        "## ss method 1 best 1\n",
        "correlation_matrix1 = np.array([\n",
        "    [1.,         0.61635163, 0.26750426],\n",
        "    [0.61635163, 1.,         0.244703  ],\n",
        "    [0.26750426, 0.244703,   1.        ]\n",
        "])\n",
        "\n",
        "## ss method 1 best 2\n",
        "correlation_matrix2 = np.array([\n",
        "    [ 1.00000000e+00,  6.93186445e-01,  3.23213563e-01, -4.24927139e-01],\n",
        "    [ 6.93186445e-01,  1.00000000e+00, -3.69901700e-02, -5.60255071e-04],\n",
        "    [ 3.23213563e-01, -3.69901700e-02,  1.00000000e+00, -3.22042351e-01],\n",
        "    [-4.24927139e-01, -5.60255071e-04, -3.22042351e-01,  1.00000000e+00]\n",
        "])\n",
        "\n",
        "\n",
        "## ss method3 best 1\n",
        "correlation_matrix3 = np.array([\n",
        "    [ 1.,          0.61159197,  0.18047643,  0.31910098],\n",
        "    [ 0.61159197,  1.,         -0.08225657,  0.10477074],\n",
        "    [ 0.18047643, -0.08225657,  1.,          0.31985434],\n",
        "    [ 0.31910098,  0.10477074,  0.31985434,  1.        ]\n",
        "])\n",
        "\n",
        "## ss method 3 best 2\n",
        "correlation_matrix4 = np.array([\n",
        "    [ 1.,          0.1164756,   0.41462969],\n",
        "    [ 0.1164756,   1.,         -0.35532778],\n",
        "    [ 0.41462969, -0.35532778,  1.        ]\n",
        "])\n",
        "\n",
        "\n",
        "def calculate_metrics(matrix):\n",
        "    # Remove diagonal elements (self-correlations)\n",
        "    off_diagonal = matrix[np.triu_indices_from(matrix, k=1)]\n",
        "\n",
        "    # Average absolute correlation\n",
        "    avg_abs_corr = np.mean(np.abs(off_diagonal))\n",
        "\n",
        "    # Variance of correlations\n",
        "    variance_corr = np.var(off_diagonal)\n",
        "\n",
        "    # Frobenius norm of the off-diagonal elements\n",
        "    frobenius_norm = np.linalg.norm(off_diagonal)\n",
        "\n",
        "    return avg_abs_corr, variance_corr, frobenius_norm\n",
        "\n",
        "# Calculate metrics for each matrix\n",
        "metrics1 = calculate_metrics(correlation_matrix1)\n",
        "metrics2 = calculate_metrics(correlation_matrix2)\n",
        "metrics3 = calculate_metrics(correlation_matrix3)\n",
        "metrics4 = calculate_metrics(correlation_matrix4)\n",
        "\n",
        "\n",
        "# Print the results\n",
        "print(\"ss method 1 best 1:\")\n",
        "print(f\"Average Absolute Correlation: {metrics1[0]:.4f}\")\n",
        "print(f\"Variance of Correlation: {metrics1[1]:.4f}\")\n",
        "\n",
        "print(\"\\nss method 1 best 2:\")\n",
        "print(f\"Average Absolute Correlation: {metrics2[0]:.4f}\")\n",
        "print(f\"Variance of Correlation: {metrics2[1]:.4f}\")\n",
        "\n",
        "print(\"\\nss method3 best 1:\")\n",
        "print(f\"Average Absolute Correlation: {metrics3[0]:.4f}\")\n",
        "print(f\"Variance of Correlation: {metrics3[1]:.4f}\")\n",
        "\n",
        "print(\"\\nss method 3 best 2:\")\n",
        "print(f\"Average Absolute Correlation: {metrics4[0]:.4f}\")\n",
        "print(f\"Variance of Correlation: {metrics4[1]:.4f}\")"
      ],
      "metadata": {
        "colab": {
          "base_uri": "https://localhost:8080/"
        },
        "id": "mXBNakN1ltig",
        "outputId": "b37c042b-2590-4123-be03-d5d586d01c3e"
      },
      "execution_count": 9,
      "outputs": [
        {
          "output_type": "stream",
          "name": "stdout",
          "text": [
            "ss method 1 best 1:\n",
            "Average Absolute Correlation: 0.3762\n",
            "Variance of Correlation: 0.0289\n",
            "\n",
            "ss method 1 best 2:\n",
            "Average Absolute Correlation: 0.3002\n",
            "Variance of Correlation: 0.1436\n",
            "\n",
            "ss method3 best 1:\n",
            "Average Absolute Correlation: 0.2697\n",
            "Variance of Correlation: 0.0461\n",
            "\n",
            "ss method 3 best 2:\n",
            "Average Absolute Correlation: 0.2955\n",
            "Variance of Correlation: 0.1005\n"
          ]
        }
      ]
    },
    {
      "cell_type": "code",
      "execution_count": null,
      "metadata": {
        "id": "sQKvoUbGiKS_"
      },
      "outputs": [],
      "source": []
    }
  ]
}